63671
908895
169041
320953
357387
449333
897015
206341
40272
754122
709608
956606
567526
589600
605358
970301
130175
930345
80231
56102
34083
718705
422681
71505
327279
281191
248720
729366
170563
545944
871847
868285
544477
149608
633167
68883
272546
19489
488814
911391
436548
801737
564836
247319
876275
189649
173473
927231
595004
298554
130357
880345
42553
589350
479338
344965
486213
97535
993673
76195
200613
167648
35777
494328
882275
841322
412129
417918
956432
536475
697755
110686
441531
168840
619554
232346
153868
175362
195230
137630
107718
321489
134362
872008
415586
991501
825731
955127
670270
288202
582669
175010
25815
412618
710778
268899
765959
70508
365044
34952
777519
755555
970798
58529
600798
19671
438813
873713
969795
246992
191097
310851
902304
856042
968477
879124
33286
163769
78741
890773
15591
457001
747648
668230
953805
522744
84870
28913
458061
350655
466386
83360
810318
160277
360110
352162
350690
75833
271210
395914
552688
952017
985331
423277
97104
271817
272706
169773
444141
831654
235612
602190
991766
474270
19361
320518
7907
302568
104723
78053
934801
409900
415651
619140
780605
107736
500533
742027
495932
616314
528433
957453
892558
682826
338085
63573
471669
324370
571125
681988
250038
915097
584772
626407
115042
864195
91593
336047
140916
39592
344255
48121
971110
193156
461112
142787
536366
366191
642671
989368
771284
530678
673840
827826
303220
278159
709632
308940
136185
955787
848848
683536
731443
422735
828015
19704
825128
789243
504098
916409
16143
164485
601110
456339
272058
480312
986343
699401
221713
195297
527207
105478
681698
581757
910703
719359
241256
756945
323187
836882
154563
782653
199862
185129
190744
660718
316678
548375
365141
441408
317659
747122
862092
726261
973224
606799
929568
217501
555767
822907
291816
10230
87226
940887
428579
743369
1838
149685
512031
108655
778448
68182
466056
667215
761846
233490
964622
415980
265595
611339
163633
437968
334259
780305
877638
780085
243385
955436
608532
303903
789791
23754
201177
500279
545066
144333
695426
258975
756550
447374
658880
166992
36343
256486
662960
249476
281066
194877
964415
739734
642177
513588
951905
944427
659274
853847
675970
306920
63249
648493
499983
46401
541153
208128
318864
754693
867005
965776
122148
617513
538063
705646
659430
818220
952459
996641
401624
77773
117345
628161
499019
48508
991021
868798
661725
276202
71849
256749
841005
691218
468362
388506
195726
108056
947391
612479
625839
828214
937622
908266
382471
315289
72728
346902
201670
936531
854157
133685
991968
662633
452223
598197
189575
435087
149474
451475
55380
672354
546402
42661
682844
610255
124770
430929
149150
149557
509920
551374
870829
339979
370801
573410
140150
209078
245690
183729
975779
644118
667127
725194
422045
938163
264781
178372
238995
870164
198930
760639
958581
495916
557099
953484
281811
894960
225422
772216
190519
641799
197751
52113
426610
302783
262855
651989
291831
878812
458046
980496
189396
965745
475695
411261
5227
821208
620616
744680
345474
946398
191933
278986
950626
749281
592792
374913
782880
417316
291598
245189
983656
473474
993210
333980
446367
615014
298583
119261
675307
612791
886540
360182
412118
218433
571242
992835
20220
145837
948257
460603
274344
480741
426742
244120
449865
918765
101486
677329
709990
887942
869108
874514
587214
212856
996840
715922
972535
141715
964894
390213
522624
501354
69372
732682
59858
831751
866868
732192
178038
599956
354692
637043
469059
830994
970845
502914
46732
749089
884115
527602
513527
621254
409270
787365
743683
12025
772968
199261
221593
855319
20300
878505
180943
558044
937979
772990
411368
694059
184262
618114
51897
369294
499290
110033
533249
232065
405455
756220
242011
493926
669190
223445
257599
437292
876685
901370
92083
282007
988998
47832
58782
667606
510599
322719
579656
476187
456099
911015
893015
197855
91545
352672
564826
266001
475704
144233
121963
299236
254115
511618
606570
16748
957250
727667
186128
796854
620905
743651
681358
36609
680906
129360
705060
136430
559331
384290
858694
176571
530377
57062
775965
494440
863204
44156
402380
316518
658618
991598
961587
732452
779406
792846
27892
477380
441262
42034
710356
782931
136590
782801
855281
712448
229657
856406
516948
962184
647611
428396
706669
91414
285538
945392
768859
197052
735652
112130
153543
913093
325287
869610
138235
629306
782064
948905
257202
888059
101468
227680
695167
517296
673933
75762
39980
747576
201780
63517
264782
6798
527207
440195
668906
230222
284928
870172
446914
834014
23987
830839
741728
329131
888491
797262
457644
266979
644565
225974
930384
280751
599203
628889
860716
419931
733228
189373
417480
209775
905411
21282
995272
672134
847347
146744
385886
885091
200703
908013
344377
911891
501990
423187
864071
270628
485951
366035
628805
876671
618118
773001
103010
975805
133133
984031
407595
898317
579478
248975
496993
95555
452692
237139
928603
2704
835567
69593
481784
741746
411376
572553
66275
736552
881597
18492
778761
176015
764817
590088
933979
367192
560567
540809
591657
132410
918272
19466
539001
863316
739149
487568
305612
951728
411020
248821
459199
264851
494584
861366
435060
416358
884251
887058
465294
45564
706725
366458
94208
114640
205269
231579
133500
989390
314995
129800
534988
911882
645482
796192
84432
816101
530592
618468
2597
923807
266940
114547
325531
632775
559293
513909
681431
903450
155027
517621
482941
673509
75514
546092
425685
551814
925257
424360
658046
507570
354068
316222
636732
281220
713833
547316
619369
698391
776934
618959
885766
265782
884460
541487
778624
592177
40926
461433
555347
691360
550148
230049
834362
797374
646858
861478
836368
99389
370507
532618
890843
106231
960421
495027
569738
950718
477814
44311
918941
11976
894540
983039
126516
536068
631855
217158
789048
534027
767467
833507
510887
463824
869013
966686
957421
124019
481859
839358
634361
852354
710948
519979
327883
244316
728115
779534
305360
389433
971748
827905
114362
996614
542491
543370
796820
567108
103533
298293
165519
429699
72430
302340
331922
537000
21730
427018
237218
993735
537605
445719
468858
638456
409949
66586
301028
374560
655155
882199
807952
852320
911797
399615
562278
939561
719144
514272
921332
325642
169865
390313
20486
183565
673839
204662
779924
408607
188057
790883
222586
301096
542316
311625
851827
526028
359046
475905
586665
475905
242342
422259
911953
221333
490341
313198
517901
672814
740062
392360
817855
507457
505686
911575
823870
147292
425233
285293
964617
205287
286661
892420
186503
864272
659613
506855
310004
600172
547787
36249
580515
243238
927607
445427
83300
747606
478360
799152
693224
360640
686760
107110
668545
795697
973027
715128
795410
630740
487754
704535
100795
73753
511288
381377
189243
349921
235756
47680
561719
983485
3194
917728
125026
703812
811844
574616
579849
60258
828275
76264
668932
626080
592068
603976
518527
179551
223875
390806
891244
944485
711445
679263
112418
843252
935454
506761
731950
546230
256184
733379
511849
430679
237433
709738
357446
769031
982083
964732
983852
398410
135278
735151
802465
411490
35603
474714
481684
907311
862850
9691
126045
844950
156436
617234
272040
323930
805310
281774
768358
305083
842666
33619
804074
94896
564414
238253
388647
882330
246530
749495
197468
259142
406954
492833
809206
976293
876797
700927
807648
460739
25077
824638
683379
246492
607333
666899
274242
620198
437698
33515
963721
700309
196374
678768
555744
101659
931077
707569
847076
797350
86066
599354
660780
113355
812223
866902
437996
663602
808028
295746
447132
104383
474125
307618
280005
18027
350239
557581
487562
897514
964010
768449
444631
213015
785773
497159
62768
728185
937089
707546
45216
169228
853850
10298
374672
425722
163858
570024
434269
740431
228903
610640
812170
141951
586382
859337
226183
888756
398763
537716
751420
373495
220007
949561
833339
317617
154723
447765
327581
315064
804134
709810
726513
100481
250530
277904
250532
463827
932945
854282
854169
780214
123312
747131
668611
353370
956279
302679
626632
926435
270975
174012
329422
399372
956126
671720
949221
904289
176958
57055
270999
716092
242443
119205
936296
519092
884127
711688
891420
308478
608805
762356
955810
544480
683547
971205
250183
472875
280950
479969
361338
852043
821133
401145
44088
630122
380388
327140
144355
578810
328682
346243
286868
875890
583283
138077
537771
4106
810834
149518
469243
244591
411258
318154
317630
508619
218202
784942
715825
984921
421537
476345
623338
696989
695717
418956
894958
841297
75116
306174
138703
556986
567333
312610
979795
262561
475488
79919
961197
545469
433433
246076
662041
131431
10725
116747
440784
502979
83515
535468
411920
595446
611314
159434
157272
852337
722904
589878
180173
164326
243118
696474
928989
504660
10814
912256
677258
98648
338358
55068
33131
138282
823744
170356
551487
175460
814304
491907
686263
578969
978172
391979
757782
539648
894254
543257
945672
407899
155337
127457
539657
885609
899745
796870
302350
736959
317086
157381
120616
98469
439489
342136
164620
28446
502337
273637
771701
440958
607946
981812
38033
230997
903614
601203
186154
851139
938692
389341
610405
467557
966583
269359
943310
210900
515411
147521
238536
26874
868005
814528
858373
656922
371290
587794
139480
636035
227358
729335
37310
620616
771555
504714
799952
173525
89424
308659
981995
298542
610716
451211
798266
927745
546975
653059
131885
170130
398825
953719
513035
354815
35100
744827
572952
793417
123438
381110
859707
315820
461722
550118
623780
209357
352030
989788
696002
461869
469406
769784
121476
206751
165526
939994
416157
416793
16261
930628
109947
718230
455908
969350
237209
273639
216300
682494
585515
26727
931761
6534
50087
708313
448951
666175
836819
60598
827430
588909
575714
557186
957057
670016
700723
629041
832242
306283
189289
95106
328669
156158
777155
192809
271163
141476
859911
492371
312908
350141
993057
669535
404273
669274
530107
462871
719697
413162
757799
499351
103174
355559
589363
427352
354914
552760
761173
785892
268627
608168
441396
910016
493205
490409
698057
775602
229379
857277
437150
307475
806263
344447
747689
477289
595852
906178
152913
287782
139908
237852
909343
419080
548483
689937
991931
973110
566795
349803
837895
718403
380302
74019
223744
704739
908744
83040
176330
913863
971216
754504
233492
862420
976012
450324
693087
758727
607869
112073
831500
448736
399846
473390
645983
30775
698825
22316
361533
803267
498477
724947
208807
879575
19381
718746
927172
732244
120703
42950
568544
512811
729847
239049
316566
385403
4359
46922
443067
98158
996849
233204
365240
454721
518302
389159
318556
906911
428035
192969
5914
886428
721507
373062
415386
246268
545697
353916
843039
257265
523151
960843
638023
564919
543529
318688
718888
160796
156824
260579
26415
651902
579248
263374
806418
265273
359706
754085
361272
630222
400190
20260
304208
927733
37036
682115
791304
356785
823663
70297
839706
650443
203883
185802
575007
36006
595180
800321
911192
199614
670271
157759
750087
167456
166554
354011
307180
458132
566644
150112
886562
791612
992643
212817
857075
502891
656635
710290
527883
861413
527383
362102
337133
86526
420873
375971
448019
393445
688367
770411
670092
559384
842892
161658
959950
242430
270172
136752
761179
683024
374935
333172
790141
673550
183735
48093
657799
991066
328727
72115
379371
884890
272438
49778
672230
308168
820626
663561
746582
790582
905992
913735
769764
796232
480020
327177
948719
830984
252866
614644
232718
519882
949111
844858
486478
194211
571960
663582
902790
372779
718171
456952
64718
616251
391040
785202
286946
793114
489427
651782
421803
606611
390169
970596
777031
461199
563407
993909
193530
856558
99374
826814
738200
714082
839397
859488
935779
427579
563300
478018
736207
157044
760771
373803
72410
449040
849017
153513
405191
694817
40231
155605
341557
601084
192841
626106
129713
978514
67827
25278
630804
578051
470051
46232
273404
891356
718752
350635
776853
531552
849423
859366
229813
11409
915574
264759
845840
16365
898185
327991
612182
409893
588717
498712
816327
943769
485257
137115
521241
213291
729774
957264
359752
538021
847214
158156
686993
714538
100398
181054
730287
498381
376659
873638
845394
180864
925791
330147
685510
928081
780266
113347
80328
739835
413095
220910
989333
971338
229905
329635
406098
581636
829393
563562
801778
892158
499614
691791
164194
757417
577765
131301
915967
717131
597704
113801
33233
715079
653318
635462
17977
155109
451605
593159
433024
616426
876935
619916
124925
626303
168822
715654
484633
770762
774955
148650
668987
813097
71860
953235
681249
233999
165953
928092
350316
648964
197380
363197
142131
299294
187677
274254
318019
594442
311658
250989
130030
236234
130537
185351
15222
879698
566866
537891
588595
862111
646667
145204
942176
449053
444813
220136
643218
700082
954213
783977
989156
523513
242843
784060
419045
513738
477784
825630
438626
894568
397634
890191
459104
523966
18619
432753
682560
886509
938013
801551
667133
628061
339497
488204
2297
52176
421020
693078
854481
967540
631036
617937
640229
527680
261832
606517
993390
346477
766305
501484
401913
741235
99265
694026
464476
756476
686100
418210
430433
12059
537576
756708
762069
152661
116844
361095
184016
754639
781762
366869
92717
784706
971149
471085
263532
779697
249962
931423
262133
412102
439363
336082
120203
436528
399638
925898
528795
645470
23727
245820
366076
2810
262645
842421
429964
874327
855867
487567
410836
900736
422500
238751
564714
399436
408766
617207
770085
628180
430494
684779
506513
754676
156076
18331
572696
201493
636505
325540
753023
190946
832299
538545
730911
535942
792
89907
522061
128727
41120
389204
923830
762394
520587
361397
989601
200611
771368
720767
27762
782431
155812
900615
214976
338948
739306
611400
846734
244314
269725
228471
237822
530326
734544
219889
68437
883955
507840
28772
398643
318859
95146
641357
587059
41289
760949
744118
234088
794679
28729
372084
430124
915737
297778
970592
35133
931683
323569
391962
796635
389392
243172
277747
859002
812648
151382
393503
27850
300698
292959
105646
692771
742596
322124
708902
687285
514454
313555
173686
577999
995188
377312
52054
215584
897641
798347
322084
232547
763951
184755
136753
560385
115878
232137
9250
75686
817398
782355
774410
889906
367445
716268
933390
501719
923083
679312
687528
593613
588876
283307
520679
618128
149883
813962
801447
12080
191118
62162
961361
14301
829297
160955
263898
115942
156206
545261
576893
510459
312873
633215
869886
732098
539145
283779
210554
278919
443921
550335
292501
218328
110818
728470
643671
480644
664076
518625
410502
301915
430690
997170
884568
755236
820994
760109
60609
206489
452369
817447
345512
377821
102419
177069
280740
955660
413421
788580
78982
866103
603408
522527
568158
640782
769661
743032
903483
100826
517284
783254
451865
637581
134759
274978
79768
315702
748647
114649
911104
779035
223170
4064
826550
626473
204822
914679
115909
933749
447730
688010
67223
875495
439642
544398
698506
908162
429011
243785
985574
77961
856626
959782
689204
669114
365582
707931
243062
827440
97300
965037
207013
298771
877476
299946
642932
599344
695976
941684
435960
854982
627123
969733
653096
829274
716030
576370
197939
590360
576471
171606
886691
504861
129074
833142
922409
263388
314859
157435
260891
496891
671616
288468
836449
482693
480996
768451
998018
139695
901465
99162
212186
487327
807825
130592
450838
886892
306685
859930
953084
789211
509991
652702
250969
925694
78346
702152
169696
44334
377536
379544
284485
538540
680792
939068
183365
338654
133284
170403
348277
947579
578352
58244
688895
477309
959419
399364
697036
998481
382303
35517
956702
454928
204351
471680
986900
18914
37499
910754
404346
778844
598755
953683
762158
521921
814677
673645
806534
868756
947227
112184
753608
136282
511652
5505
210859
451747
963807
773660
966274
678981
5116
171214
662030
342019
422841
829556
334188
209112
952168
164451
301155
222529
766056
569433
348823
624668
296085
166973
662631
285773
592829
828279
51254
270119
281909
820420
943276
198846
260821
535152
55106
263839
944480
725364
773728
427540
291653
420138
99079
985121
339457
597422
916588
782775
811029
531078
370225
942219
656681
586190
155661
796833
111028
680501
86152
176836
119960
391911
60110
602420
886280
135342
948290
417016
109344
37315
278049
40691
795704
921283
333015
875946
67894
677510
946316
995407
911690
268479
459090
750830
450194
1056
542165
674630
379490
258273
152810
263978
639212
596891
307580
899741
360028
496658
98840
204115
649131
499572
673430
773713
253029
329534
146514
735397
253175
279715
728939
433517
734184
90744
265146
851480
932821
309279
152226
885223
593176
273659
37525
851071
884504
14070
401478
198813
613703
433273
515918
571235
578669
742201
346275
412118
595048
685376
497801
120660
854542
806768
421455
99775
529334
719293
529794
548468
331745
456099
966920
50749
344432
213617
610938
375472
462046
822359
889208
238959
928055
947701
121693
819902
763796
157703
854848
991983
744468
853027
256432
247444
811478
31565
30681
786407
852204
937750
321736
165211
484276
853010
867067
157604
466352
465168
226803
365052
131262
970803
950071
772688
796168
258842
192605
906841
685074
601552
335978
371630
864444
537810
803999
478717
199666
719476
239271
312867
182936
824530
523267
524296
500623
723996
754682
75045
80633
964089
353549
298628
930900
489795
860720
773664
902956
483744
451275
552635
838960
123840
101333
250652
601771
950105
300767
946465
49010
388350
957937
746876
225897
913935
182116
306731
447536
425774
272064
72172
504159
117560
826207
720985
248002
37350
440730
374649
677089
30335
575760
715922
268200
686635
473907
59095
723197
272615
922524
550517
423229
808217
26034
692282
6151
606673
72730
16964
307679
553989
326128
477181
211679
379103
48476
721399
297632
380347
2649
564421
509375
926117
269375
18675
812589
242015
478675
539262
440028
123020
583534
174920
503250
721547
648942
695942
91525
133924
714834
641329
964619
423765
66969
123100
704206
98579
504242
889097
638158
752507
761463
342849
269966
358102
41142
497111
538841
7359
879693
764135
127998
533468
576935
184659
970454
151207
973931
490132
730160
352534
629874
163707
665513
361320
599802
85609
859147
146275
314468
714010
737773
589577
901103
687521
361556
240684
904954
145147
680404
151831
157100
84165
254231
950698
513330
431150
846829
882310
152645
552999
124648
14109
158936
285624
122633
597756
677335
908646
758299
955533
637963
392566
692891
165683
26361
538420
632365
889414
823102
729770
246253
828783
809727
578329
195433
545708
909475
714815
847989
168652
238779
976837
993629
761469
589362
723663
430641
615478
564888
763800
563349
996308
386847
724871
513867
764534
391274
88548
924336
974910
798784
957415
59208
422875
306746
295864
204382
580606
90191
576924
688280
962520
60656
589647
716753
661126
398936
931422
576321
302698
107778
16887
324526
59301
166420
249944
441935
84856
64462
430899
154433
820927
790478
873079
369867
281364
917628
570753
454723
293497
519281
850034
525287
987963
75520
600828
935651
797200
8118
852741
365597
459852
512227
621638
867131
781897
632889
999907
256454
56801
853929
119525
516144
659292
422491
867352
172041
187577
219780
435389
743497
828183
476698
282823
783416
257744
491600
336563
983780
565591
314292
644735
76738
211721
65301
694580
308700
168840
5948
587970
648475
917721
314298
397921
439567
399755
333890
865994
565471
208167
428787
748074
577419
572728
109243
537414
983153
229403
838221
609387
290296
296326
16126
690862
742508
209194
42787
304423
593990
727910
558652
3201
181629
631810
786914
825776
513884
78776
843255
383660
923853
625605
771091
775612
136804
566218
67315
504009
102477
527887
711427
79296
330618
396561
297673
352149
901594
623435
655413
230373
356968
29467
272004
837561
649515
425585
566444
945609
785814
283467
23529
904377
386148
454561
685533
664690
525234
240514
554058
176289
141878
538778
201945
66103
16483
479356
672583
785068
334136
434764
924181
890448
423363
612881
26692
894386
353601
933529
126097
711218
999773
121706
718194
819010
504357
807049
693148
876057
711027
632982
826914
661080
69377
479123
88495
818189
827521
205900
821078
170158
753002
781376
611472
351049
359285
133080
481013
773266
427868
791146
311089
591705
114416
842839
176515
20172
820584
382934
561745
209433
786208
796526
74040
701154
607850
263101
821071
944239
524386
208503
66864
147701
112451
955938
958216
218397
510233
367144
459725
371277
326036
919881
448188
919880
321893
235209
546663
226538
302608
68323
997605
444587
644155
611644
383950
956476
707336
910318
743199
96183
312009
536774
248880
219365
724282
163388
479253
158478
884623
958118
509938
453439
923209
190468
883397
866326
348337
154159
379261
372641
716438
594532
641631
456062
210897
622277
503545
500807
571987
1740
511061
599915
623945
363541
59267
789261
671001
228823
195598
158504
755955
388184
341914
344489
558384
544165
521377
453687
728247
517624
608138
553176
531057
370557
379745
717476
895143
792817
8467
102004
659842
978446
586490
882883
447057
910023
829494
559667
131200
94135
195324
119514
958560
220756
616685
328253
252618
297141
897678
666732
100899
49858
772559
54363
393601
957884
68857
253387
983796
341790
894118
878184
220355
93593
498662
777509
801694
459031
897432
648361
714670
961710
322486
634111
322299
488623
594615
310301
753871
51491
464858
598001
895139
341735
1105
609983
205886
532127
489281
489172
841165
576107
575870
789409
200016
317139
899158
864966
722093
839176
526559
793586
399709
249316
952061
139189
727371
138447
732063
904977
363268
758556
499515
932305
876932
296117
983045
878620
92488
888678
571622
269566
969750
408259
807196
138563
385839
533077
434095
5160
589464
729648
588207
914694
524931
671271
198291
645822
389673
861915
882611
67438
800063
584303
125903
82608
76591
643565
912477
903898
334094
20538
772477
833415
267554
256992
823836
991450
442120
813498
753350
194294
704352
726903
315513
633619
170349
584820
407373
205660
97825
337222
488947
230573
6066
504183
469503
385446
282355
724587
61971
742273
620599
530196
671066
568926
957170
754792
647140
267938
847435
206841
203702
576174
108565
688316
363086
73160
268790
492284
912259
491770
236192
706816
806072
996871
531591
541904
827348
763370
787489
438390
709094
717532
751526
11076
573695
174155
55837
746586
676448
415556
937679
139434
358224
890984
133520
912772
122007
317749
141097
396342
116655
790071
812328
570200
506080
913783
724123
674194
37335
415266
927444
883770
480449
409045
497746
486169
824647
97488
114621
188930
17323
522204
815835
496703
554090
96758
348591
915088
863351
618818
419897
509598
622272
391146
321734
919023
905204
181326
504996
659912
450032
381642
709250
261182
488112
53909
658984
949179
393237
647350
88124
24518
203127
952166
379019
594451
974235
315625
16109
409322
565191
809035
810843
418517
995368
417845
261498
89302
87311
578723
580965
643321
592492
454709
738898
635681
812953
554652
8590
500181
437773
399412
521850
216000
530693
395378
306470
670105
12127
727282
944787
589579
165216
95674
94720
640996
570798
290733
265813
70266
792410
569682
861868
814514
66385
444803
432026
748418
213268
743338
781498
419583
307034
515927
971548
165779
287184
594843
887823
599990
111374
591392
77174
360028
633935
991385
478105
496818
359989
97901
64882
522219
288838
938323
707771
868091
537543
707335
149615
85890
963352
558052
456837
268789
945784
525204
282545
649288
124125
928941
353811
975955
402910
665823
958892
201018
492507
501840
180579
74999
966698
935207
388428
115366
678455
259278
130744
368710
808156
103457
628235
579849
445228
801933
636637
553322
134554
808385
414244
108731
708840
828816
372693
431047
744090
88927
119309
623015
979431
506752
375583
35703
526756
74615
119192
28145
169623
341471
590333
686505
394459
913834
841131
20668
300706
773962
530727
600976
29185
405570
66463
684121
87595
71848
366159
137881
562514
957381
371276
589528
139969
507729
389278
301404
727873
592531
53093
370613
682741
608492
383698
793083
218052
727738
714271
795005
987684
352024
130341
970127
558200
518332
593829
573861
440288
691461
948107
454907
708455
981310
465630
212242
970194
805
546536
886729
524556
539727
292794
708174
720868
160114
918235
420693
21871
273380
466069
359857
357576
571154
150196
210489
827039
401148
31328
621636
913900
815417
861115
36411
644424
598185
662157
701430
142861
171456
822888
217246
181202
827542
270449
447957
59230
422167
249258
398086
600097
173135
551990
166908
225392
588250
97331
137301
831114
255141
385202
569046
969477
924900
972829
709139
678611
256383
63750
122683
497956
216804
277831
850415
450491
248823
178655
530034
300704
702238
151259
404872
151890
633241
21538
740764
263426
694207
811019
56173
500854
524856
870316
887720
786253
253842
247769
256302
854712
561310
769346
802846
358416
126575
900129
383292
895303
701574
716416
976568
409595
567297
836596
128875
103881
980329
417156
336235
903361
232064
445712
984403
445363
7576
621829
973100
346488
390111
64161
196649
1053
922352
675321
739394
932892
348412
46456
25314
733112
638246
845460
561852
977791
834450
646578
933556
688259
741440
783838
805924
836686
911534
352940
622648
115598
784942
357483
350839
504745
927029
36803
505192
637413
519767
975515
487242
891976
97202
195982
755469
933873
391841
603122
265114
386604
883860
6612
610912
360998
688272
284840
605047
606273
258236
359962
89518
569411
52673
623796
147949
990929
695616
520568
806083
601442
340268
924438
458024
858935
159335
41580
591057
545458
28369
872051
444844
308411
87826
236044
231738
778330
746570
989841
816473
642188
431756
898918
379176
159804
885996
917830
839303
473405
48032
764539
238256
871272
797039
663672
46335
959421
548587
751977
201663
646692
693783
59589
577904
386185
915118
781107
481585
816629
392058
369619
244358
705775
704095
163895
169686
441349
545262
298220
972938
241504
202277
117651
497425
263829
633794
573572
511371
424153
189708
272316
229742
994592
788178
169780
948404
372166
321014
992990
244685
104889
436244
22674
81347
678413
520181
532481
167176
633144
493986
604986
414159
250367
779039
960158
444415
576131
562164
314075
752391
341545
269735
57432
626920
119741
139876
249766
917596
534315
215490
797519
120335
552271
53534
868049
805260
179602
36304
819011
743648
101312
406395
878227
930166
584722
858157
979375
215553
828020
725364
372273
810001
6939
240599
903140
835153
378812
395753
961605
538537
270415
614884
632861
417654
696466
484650
861887
196833
910990
154898
264812
539826
743153
570427
651078
935150
391508
127265
42198
261584
160501
34212
89576
808950
843217
987518
113395
311672
150394
32895
426447
783849
74698
280473
473232
486427
773534
460572
233700
100071
996270
782542
304562
673121
460552
832446
66848
436512
589520
967990
443645
251546
353555
700021
378036
236202
525307
823911
574437
708948
371255
550215
46439
878095
728450
480963
465128
462679
97194
164651
161615
930935
893565
942126
265314
377958
729650
416454
348398
10770
920669
676883
722151
182403
589249
174900
430294
374677
902437
237030
961119
949623
886135
524751
728815
446054
736103
426467
944671
979588
367318
604168
339318
424869
806374
512710
357981
411428
434707
77
506551
108853
475512
563666
788278
694372
828063
864035
288845
553549
50669
90450
560241
860163
203531
211992
44799
368813
213310
819259
641855
303182
471783
368809
643452
316501
337564
297282
376029
76539
816919
18865
939970
902360
730478
852266
474110
322469
736473
34443
617991
872067
137621
391122
928919
276867
43926
479155
221337
594382
467910
989167
198117
615448
358221
203369
637069
106703
920213
471777
356807
530780
488006
212306
736629
31803
150480
657881
129684
351264
737882
722330
632340
178867
201267
769788
165561
80661
439889
366585
272574
858409
75944
781647
608628
827751
820748
324522
544138
527109
215197
367406
402256
264695
677636
87211
384061
925314
654492
897116
126387
386045
349470
870073
856499
745580
356826
19250
414180
588433
37807
556408
666814
553628
199202
498397
454835
706359
603678
908878
211054
825958
113742
602574
136067
370475
320074
367644
501230
114056
385726
240246
426169
542772
240197
886529
508938
205871
925147
863048
470925
801498
910341
955704
489302
658788
700592
848627
65493
179238
632375
677702
321636
745613
686062
300428
272302
746896
734005
486024
425506
989181
518019
300123
202707
797560
130239
124041
313430
312673
989458
248964
781212
740629
437952
409555
915616
158037
113272
477278
669883
471446
302151
321992
481681
708024
918610
680555
856710
939769
614226
762042
471866
439122
437542
481743
283479
610218
752997
691741
528549
576550
535197
752819
189779
383410
896490
581006
307661
276506
384812
114264
633624
256726
816140
954059
687030
196026
818442
494683
878950
449683
267331
373661
698447
227416
777098
342089
303087
956209
126076
305398
405040
421531
948729
93333
936248
549332
132212
98270
811533
337603
372894
580204
554956
499961
128418
215139
622982
483482
794713
87452
791775
258314
812790
78865
309219
161536
54371
962363
606312
554401
277919
351451
150429
79413
709224
212093
307997
722807
17811
137697
63813
720171
683149
541346
76789
687126
818704
198485
98998
561958
719107
819604
161496
38623
513622
146725
608740
869863
784114
774712
494960
169849
491957
257132
59683
21443
429774
475543
790736
916325
907142
900174
465671
657015
23638
71604
575165
271444
2076
622092
342832
855886
863365
44353
835294
458315
189954
111805
565791
562499
603352
438133
938693
243098
642736
893964
228213
426016
481662
55346
257352
343161
407748
182672
654816
818932
353932
504481
14985
442018
571560
337295
867787
162022
431880
639074
306484
447604
421838
601368
831488
317968
909752
228237
312972
469008
961481
222573
14279
129674
843390
149148
789781
946729
364739
999670
448137
680692
389537
16361
104382
685473
96820
123772
990939
266056
570346
776670
811218
3661
587479
780609
4178
880294
223857
939383
433409
179511
869700
185807
857450
131359
490202
885310
598627
422411
547514
921057
797282
432209
190937
625792
58066
405476
496985
146015
221148
785979
237298
46915
898662
184810
411354
10617
542195
62781
144969
909486
722871
425355
566261
268625
810992
203729
158910
973023
195271
211510
525145
568527
718542
649288
979388
379008
812724
961687
722542
598701
383308
77842
718235
647429
942213
822784
287145
672640
720004
479584
343114
535846
277441
638027
198185
371926
865947
922312
814799
854337
246566
523962
950744
9637
260834
668770
328373
249373
205422
32345
197893
580508
340238
546268
526178
645029
707120
918831
326412
988207
916583
486270
253018
715686
868395
989298
291085
80514
451102
607461
513060
890412
146887
868204
352135
859346
127098
708598
386595
273443
494411
37772
467217
687658
281691
762606
195607
731173
111849
553156
664806
947116
595899
826591
937753
760295
270943
235057
141242
271535
377684
247859
798270
597960
519285
307481
433620
472033
194132
666831
517930
998522
532235
52968
493796
878811
19053
565359
433994
105788
793691
559912
968664
897946
942655
565944
294512
320295
930450
591840
588402
892040
567356
115060
895758
246552
239501
869256
168373
974210
328986
723573
537040
445018
35225
666283
414880
542930
332795
58942
741241
705584
801063
35453
477843
817772
279194
900324
655305
953340
12968
113325
541582
602292
78428
625890
431166
417175
157210
247244
639310
149796
396985
459784
776802
70117
22871
523646
862721
276371
151064
751581
987500
871508
850598
882818
90977
531902
637216
77986
967357
339177
213950
215033
961241
215660
181991
934747
366589
409334
235117
997704
385720
85550
419632
591445
308598
341279
258650
407726
794900
755548
37603
378934
802276
261387
125825
670074
751694
195610
534913
899263
779958
79224
279887
300133
935845
181952
498542
561141
888126
88124
157057
453386
41253
153359
365860
901949
451876
259153
574220
749697
273251
229490
283085
211809
301574
835016
412757
699854
89835
511916
183053
170979
874421
335854
217746
306496
805663
119499
655599
126646
842736
697509
519599
706776
598491
584217
337680
648916
895527
223875
218197
492541
621390
785215
626011
550467
796138
68077
998558
100829
769194
798688
471305
376209
905071
986077
578964
705399
935612
59364
96286
332377
603554
447574
906960
575742
709891
576309
613318
717357
497336
763840
804327
865960
293719
690511
549589
89205
709842
667279
510358
737585
120940
554770
357451
44048
226203
143389
801705
612413
5252
632280
713304
836162
127589
885820
888987
173815
878254
50269
840576
219828
454759
281201
603492
5354
994361
605345
82490
214559
436488
489758
995557
268333
549006
358700
211437
48784
90123
862912
349539
566501
774604
904
712104
865055
50536
968164
738370
407899
801524
375773
210951
659572
826703
290529
282825
839738
951277
352096
49687
620857
60899
587146
175924
515493
636722
444970
287156
768888
674382
840202
83692
15342
700730
274074
445224
453854
569097
738436
954818
26196
866974
674591
413034
60715
278807
335984
441630
258476
75874
371699
97506
738026
813224
728681
505601
187458
824980
196611
228333
605565
681007
969482
733516
961322
292080
195608
958842
552628
845305
828971
270640
212840
397278
23490
753882
386308
174111
115208
236685
300738
3339
28679
693014
302683
742696
345666
202118
972048
768472
257765
628874
372486
510103
349252
345188
897492
941074
451712
768635
83198
377142
889002
413171
246903
101058
884666
340747
789733
974798
119293
13346
709772
959925
927595
602226
652328
276467
430832
218625
946413
993490
986794
784155
587539
200097
898154
702737
48026
678302
856390
445234
722399
346572
153487
923596
114337
615508
446110
201625
858030
4918
412384
997249
649179
244419
919101
412560
582508
747025
692860
621024
510241
233086
822221
89708
390347
104846
825631
46806
202903
181928
292721
111431
118408
674059
290946
363199
806438
3999
487888
36820
830357
229207
360595
941495
581105
989544
134976
343120
280995
485593
120228
301000
985441
235365
934992
489313
524351
63778
533248
9491
789876
399304
998721
676101
712197
300953
878841
975120
953472
555902
606122
578509
259137
656040
790667
281033
872490
880726
508602
400803
969870
482511
765810
717309
61700
991720
125990
883042
739066
801632
838848
742659
470750
478397
246943
431052
230486
684494
229297
280152
110702
159855
389648
725093
879470
541718
41863
329400
444698
653958
616823
643624
555175
132444
39620
307364
633493
281411
614400
720476
174963
995799
236054
151839
717054
863463
107758
780740
409096
359614
50547
187996
651428
228450
290101
810015
92863
40717
837839
519981
949857
796589
438344
85108
184809
195223
187483
338306
438776
939579
797558
949074
70093
508821
105188
114903
923801
237808
8038
16007
433960
261123
920304
85083
603410
428827
992196
326724
842342
229605
214501
592775
443572
94419